220.12,-307.81,0.00,0.0,0.0,0.0,0.0
220.12,-307.81,-0.02,0.03,0.00,0.00,0.00
220.32,-307.81,-0.03,0.03,0.00,2.27,0.00
220.52,-307.82,-0.04,0.03,0.00,3.21,0.00
220.72,-307.83,-0.05,0.03,0.00,3.94,0.00
220.92,-307.84,-0.06,0.03,0.00,4.55,0.00
221.12,-307.85,-0.08,0.03,0.00,5.09,0.00
221.32,-307.87,-0.10,0.03,0.00,5.57,0.00
221.52,-307.89,-0.11,0.03,0.00,6.02,0.00
221.72,-307.92,-0.13,0.03,0.00,6.43,0.00
221.92,-307.94,-0.14,0.03,0.00,6.83,0.00
222.12,-307.97,-0.16,0.03,0.00,7.20,0.00
222.32,-308.01,-0.17,0.03,0.00,7.55,0.00
222.52,-308.04,-0.19,0.03,0.00,7.88,0.00
222.72,-308.08,-0.21,0.03,0.00,8.20,0.00
222.92,-308.13,-0.22,0.03,0.00,8.51,0.00
223.12,-308.17,-0.24,0.03,0.00,8.81,0.00
223.32,-308.22,-0.25,0.03,0.00,9.10,0.00
223.52,-308.28,-0.27,0.03,0.00,9.38,0.00
223.72,-308.33,-0.28,0.03,0.00,9.65,0.00
223.92,-308.39,-0.30,0.03,0.00,9.92,0.00
224.12,-308.45,-0.31,0.03,0.00,10.18,0.00
224.32,-308.52,-0.32,0.03,0.00,10.43,0.00
224.52,-308.59,-0.34,0.03,0.00,10.67,0.00
224.72,-308.66,-0.35,0.03,0.00,10.91,0.00
224.92,-308.73,-0.36,0.03,0.00,11.15,0.00
225.12,-308.81,-0.36,0.03,0.00,11.38,0.00
225.32,-308.89,-0.36,0.03,0.00,11.60,0.00
225.52,-308.97,-0.35,0.03,0.00,11.83,0.00
225.72,-309.04,-0.34,0.03,0.00,12.04,0.00
225.92,-309.11,-0.32,0.03,0.00,12.26,0.00
226.12,-309.17,-0.31,0.03,0.00,12.47,0.00
226.32,-309.24,-0.30,0.03,0.00,12.67,0.00
226.52,-309.29,-0.28,0.03,0.00,12.87,0.00
226.72,-309.35,-0.27,0.03,0.00,13.07,0.00
226.92,-309.40,-0.25,0.03,0.00,13.27,0.00
227.12,-309.45,-0.24,0.03,0.00,13.46,0.00
227.32,-309.50,-0.22,0.03,0.00,13.66,0.00
227.52,-309.54,-0.21,0.03,0.00,13.84,0.00
227.72,-309.58,-0.19,0.03,0.00,14.03,0.00
227.92,-309.62,-0.17,0.03,0.00,14.21,0.00
228.12,-309.65,-0.16,0.03,0.00,14.40,0.00
228.32,-309.68,-0.14,0.03,0.00,14.57,0.00
228.52,-309.71,-0.13,0.02,0.00,14.75,0.00
228.72,-309.73,-0.11,0.02,0.00,14.93,0.00
228.92,-309.76,-0.10,0.02,0.00,15.10,0.00
229.12,-309.77,-0.08,0.02,0.00,15.27,0.00
229.32,-309.79,-0.06,0.02,0.00,15.44,0.00
229.52,-309.80,-0.05,0.02,0.00,15.60,0.00
229.72,-309.81,-0.03,0.02,0.00,15.77,0.00
229.92,-309.81,-0.02,0.02,0.00,15.93,0.00
230.12,-309.81,-0.01,0.02,0.00,16.09,0.00
230.32,-309.81,-0.01,0.02,0.00,16.25,0.00
230.52,-309.81,-0.00,0.02,0.00,16.41,0.00
230.72,-309.81,-0.00,0.02,0.00,16.57,0.00
230.92,-309.81,0.00,0.02,0.00,16.73,0.00
231.12,-309.81,0.00,0.02,0.00,16.88,0.00
231.32,-309.81,0.00,0.02,0.00,17.03,0.00
231.52,-309.81,0.00,0.02,0.00,17.18,0.00
231.72,-309.81,0.00,0.02,0.00,17.33,0.00
231.92,-309.81,0.00,0.02,0.00,17.48,0.00
232.12,-309.81,0.00,0.02,0.00,17.63,0.00
232.32,-309.81,0.00,0.02,0.00,17.78,0.00
232.52,-309.81,0.00,0.02,0.00,17.92,0.00
232.72,-309.81,0.00,0.02,0.00,18.07,0.00
232.92,-309.81,0.00,0.02,0.00,18.21,0.00
233.12,-309.81,0.00,0.02,0.00,18.35,0.00
233.32,-309.81,0.00,0.02,0.00,18.49,0.00
233.52,-309.81,0.00,0.01,0.00,18.63,0.00
233.72,-309.81,0.00,0.01,0.00,18.77,0.00
233.92,-309.81,0.00,0.01,0.00,18.91,0.00
234.12,-309.81,0.00,0.01,0.00,19.04,0.00
234.32,-309.81,0.00,0.01,0.00,19.18,0.00
234.52,-309.81,0.00,0.01,0.00,19.31,0.00
234.72,-309.81,0.00,0.01,0.00,19.45,0.00
234.92,-309.81,0.00,0.01,0.00,19.58,0.00
235.12,-309.81,0.00,0.01,0.00,19.71,0.00
235.32,-309.81,0.00,0.01,0.00,19.84,0.00
235.52,-309.81,0.00,0.01,0.00,19.97,0.00
235.72,-309.81,0.00,0.01,0.00,20.10,0.00
235.92,-309.81,0.00,0.01,0.00,20.23,0.00
236.12,-309.81,0.00,0.01,0.00,20.36,0.00
236.32,-309.81,0.00,0.01,0.00,20.49,0.00
236.52,-309.81,0.00,0.01,0.00,20.61,0.00
236.72,-309.81,0.00,0.01,0.00,20.74,0.00
236.92,-309.81,0.00,0.01,0.00,20.86,0.00
237.12,-309.81,0.00,0.01,0.00,20.99,0.00
237.32,-309.81,0.01,0.01,0.00,21.11,0.00
237.52,-309.81,0.01,0.01,0.00,21.23,0.00
237.72,-309.81,0.01,0.01,0.00,21.35,0.00
237.92,-309.81,0.02,0.01,0.00,21.47,0.00
238.12,-309.80,0.02,0.00,0.00,21.60,0.00
238.32,-309.80,0.02,0.00,0.00,21.71,0.00
238.52,-309.79,0.02,0.00,0.00,21.83,0.00
238.72,-309.79,0.02,0.00,0.00,21.95,0.00
238.92,-309.78,0.02,0.00,0.00,22.07,0.00
239.12,-309.78,0.02,0.00,0.00,22.19,0.00
239.32,-309.78,0.02,0.00,0.00,22.30,0.00
239.52,-309.77,0.02,0.00,0.00,22.42,0.00
239.72,-309.77,0.02,0.00,0.00,22.53,0.00
239.92,-309.76,0.02,0.00,0.00,22.65,0.00
240.12,-309.76,0.02,0.00,0.00,22.76,0.00
240.32,-309.76,0.02,0.00,0.00,22.88,0.00
240.52,-309.75,0.02,-0.00,0.00,22.99,0.00
240.72,-309.75,0.02,-0.00,0.00,23.10,0.00
240.92,-309.75,0.01,-0.00,0.00,23.21,0.00
241.12,-309.74,0.01,-0.00,0.00,23.33,0.00
241.32,-309.74,0.00,-0.00,0.00,23.44,0.00
241.52,-309.74,0.00,-0.00,0.00,23.55,0.00
241.72,-309.74,-0.00,-0.00,0.00,23.66,0.00
241.92,-309.74,-0.00,-0.00,0.00,23.77,0.00
242.12,-309.74,-0.00,-0.00,0.00,23.87,0.00
242.32,-309.74,-0.00,-0.00,0.00,23.98,0.00
242.52,-309.74,-0.00,-0.00,0.00,24.09,0.00
242.72,-309.74,-0.00,-0.00,0.00,24.20,0.00
242.92,-309.74,-0.00,-0.01,0.00,24.30,0.00
243.12,-309.74,-0.00,-0.01,0.00,24.41,0.00
243.32,-309.74,-0.00,-0.01,0.00,24.52,0.00
243.52,-309.75,-0.00,-0.01,0.00,24.62,0.00
243.72,-309.75,-0.00,-0.01,0.00,24.73,0.00
243.92,-309.75,-0.00,-0.01,0.00,24.83,0.00
244.12,-309.75,-0.00,-0.01,0.00,24.94,0.00
244.32,-309.75,-0.00,-0.01,0.00,25.04,0.00
244.52,-309.75,-0.00,-0.01,0.00,25.14,0.00
244.72,-309.75,-0.00,-0.01,0.00,25.25,0.00
244.92,-309.75,-0.00,-0.01,0.00,25.35,0.00
245.12,-309.75,-0.00,-0.01,0.00,25.45,0.00
245.32,-309.75,-0.00,-0.01,0.00,25.55,0.00
245.52,-309.75,-0.00,-0.01,0.00,25.65,0.00
245.72,-309.75,-0.00,-0.01,0.00,25.75,0.00
245.92,-309.75,-0.00,-0.01,0.00,25.85,0.00
246.12,-309.75,-0.00,-0.01,0.00,25.95,0.00
246.32,-309.75,-0.00,-0.01,0.00,26.05,0.00
246.52,-309.75,-0.00,-0.01,0.00,26.15,0.00
246.72,-309.75,-0.00,-0.01,0.00,26.25,0.00
246.92,-309.75,-0.00,-0.01,0.00,26.35,0.00
247.12,-309.75,-0.00,-0.01,0.00,26.45,0.00
247.32,-309.75,-0.00,-0.01,0.00,26.55,0.00
247.52,-309.75,-0.00,-0.02,0.00,26.64,0.00
247.72,-309.75,-0.00,-0.02,0.00,26.74,0.00
247.92,-309.75,-0.00,-0.02,0.00,26.84,0.00
248.12,-309.75,-0.00,-0.02,0.00,26.93,0.00
248.32,-309.75,-0.00,-0.02,0.00,27.03,0.00
248.52,-309.75,-0.00,-0.02,0.00,27.13,0.00
248.72,-309.76,-0.00,-0.02,0.00,27.22,0.00
248.92,-309.76,-0.00,-0.02,0.00,27.32,0.00
249.12,-309.76,-0.00,-0.02,0.00,27.41,0.00
249.32,-309.76,-0.00,-0.02,0.00,27.51,0.00
249.52,-309.76,-0.00,-0.02,0.00,27.60,0.00
249.72,-309.76,-0.00,-0.02,0.00,27.69,0.00
249.92,-309.76,-0.00,-0.02,0.00,27.79,0.00
250.12,-309.76,-0.00,-0.02,0.00,0.00,0.00
#